depth	min	max	median	mean
39	5998	6273	6149	6141
40	6052	6378	6220	6219
41	6083	6548	6292	6298
42	6193	6589	6379	6382
43	6242	6666	6471	6466
44	6379	6711	6547	6547
45	6434	6837	6626	6628
46	6501	6904	6693	6696
47	6536	7045	6755	6765
48	6593	7107	6820	6829
49	6629	7223	6881	6894
50	6680	7285	6947	6957
51	6712	7383	7011	7020
52	6771	7433	7075	7083
53	6809	7515	7138	7145
54	6875	7566	7204	7209
55	6912	7646	7269	7273
56	6983	7690	7335	7336
57	7030	7758	7400	7399
58	7104	7797	7466	7462
59	7151	7866	7533	7526
60	7228	7900	7597	7589
61	7282	7960	7665	7652
62	7375	7994	7729	7717
63	7432	8047	7798	7781
64	7550	8079	7856	7844
65	7610	8130	7922	7907
66	7774	8155	7971	7971
67	7873	8200	8026	8034
68	7918	8245	8071	8079
69	7949	8330	8114	8124
70	7988	8373	8158	8165
71	8012	8446	8197	8207
72	8047	8489	8240	8247
73	8070	8548	8280	8288
74	8105	8591	8322	8329
75	8128	8651	8362	8370
76	8165	8690	8404	8410
77	8188	8752	8444	8451
78	8227	8788	8485	8491
79	8253	8841	8527	8531
80	8291	8876	8568	8572
81	8318	8929	8609	8613
82	8358	8967	8651	8653
83	8387	9018	8690	8694
84	8434	9054	8731	8735
85	8468	9102	8772	8775
86	8510	9134	8814	8816
87	8540	9179	8856	8857
88	8589	9210	8895	8898
89	8620	9254	8938	8939
90	8667	9287	8979	8979
91	8695	9325	9020	9019
92	8741	9354	9060	9059
93	8778	9395	9101	9098
94	8835	9422	9142	9139
95	8873	9463	9184	9180
96	8927	9494	9223	9220
97	8963	9532	9265	9260
98	9023	9556	9304	9301
99	9061	9591	9346	9341
100	9121	9619	9386	9382
101	9163	9659	9429	9424
102	9232	9685	9467	9464
103	9276	9723	9506	9504
104	9359	9750	9541	9545
105	9412	9788	9579	9585
106	9485	9819	9615	9624
107	9516	9864	9654	9663
108	9549	9898	9691	9699
109	9568	9956	9727	9735
110	9597	9994	9763	9770
111	9614	10047	9797	9805
112	9645	10083	9833	9841
113	9665	10137	9868	9877
114	9695	10170	9904	9912
115	9715	10219	9939	9947
116	9749	10255	9974	9982
117	9769	10308	10010	10018
118	9804	10338	10045	10052
119	9826	10383	10080	10087
120	9862	10415	10115	10122
121	9888	10460	10151	10158
122	9921	10492	10186	10192
123	9948	10532	10222	10227
124	9982	10567	10257	10262
125	10009	10612	10294	10298
126	10049	10638	10329	10333
127	10076	10681	10364	10368
128	10114	10710	10401	10403
129	10141	10748	10436	10439
130	10178	10781	10472	10474
131	10207	10823	10508	10510
132	10249	10848	10543	10545
133	10280	10886	10579	10581
134	10325	10912	10614	10616
135	10356	10949	10651	10652
136	10401	10979	10687	10687
137	10433	11017	10723	10723
138	10474	11047	10758	10758
139	10505	11085	10793	10794
140	10550	11112	10829	10829
141	10584	11146	10865	10864
142	10634	11176	10899	10899
143	10670	11216	10934	10934
144	10722	11255	10969	10970
145	10758	11294	11006	11006
146	10819	11334	11040	11042
147	10857	11375	11076	11078
148	10921	11422	11107	11113
149	10962	11470	11142	11148
150	11056	11525	11182	11193
151	11091	11571	11225	11238
152	11152	11623	11293	11307
153	11180	11712	11353	11375
154	11240	11773	11429	11447
155	11270	11871	11500	11519
156	11341	11931	11579	11593
157	11377	12032	11657	11668
158	11470	12089	11734	11745
159	11515	12177	11814	11821
160	11654	12248	11881	11898
161	11728	12352	11952	11974
162	11818	12393	12022	12046
163	11861	12484	12097	12118
164	11913	12514	12141	12164
165	11946	12568	12183	12210
166	11992	12594	12220	12252
167	12024	12630	12259	12293
168	12065	12657	12294	12329
169	12090	12699	12329	12364
170	12120	12734	12358	12394
171	12142	12780	12391	12424
172	12171	12816	12421	12454
173	12192	12859	12453	12483
174	12224	12898	12481	12512
175	12246	12944	12513	12541
176	12262	12976	12532	12560
176.00005	12262	12976	12532	12560
177	12262	12976	12532	12560
178	12262	12976	12532	12560
179	12262	12976	12532	12560
180	12262	12976	12532	12560
180.00005	12292	13149	12563	12602
181	12313	13200	12582	12622
182	12346	13269	12618	12658
183	12367	13347	12656	12694
184	12401	13417	12687	12727
185	12425	13491	12719	12760
186	12462	13556	12747	12791
187	12487	13624	12777	12822
188	12521	13688	12806	12853
189	12544	13756	12835	12884
190	12583	13821	12862	12915
191	12609	13882	12891	12946
192	12651	13952	12917	12977
193	12679	14021	12946	13008
194	12722	14084	12971	13038
195	12750	14139	12998	13067
196	12798	14204	13023	13098
197	12826	14273	13049	13129
198	12888	14342	13072	13160
199	12923	14422	13099	13191
200	12981	14524	13166	13257
201	13008	14603	13227	13323
202	13064	14683	13312	13407
203	13089	14778	13390	13491
204	13149	14858	13485	13581
205	13178	14953	13573	13672
206	13242	15037	13668	13763
207	13278	15137	13764	13854
208	13349	15216	13865	13950
209	13389	15340	13962	14045
210	13464	15429	14054	14138
211	13510	15540	14149	14230
212	13591	15632	14243	14324
213	13640	15756	14340	14419
214	13733	15853	14434	14515
215	13793	15975	14534	14611
216	13878	16058	14630	14706
217	13936	16181	14724	14801
218	14034	16272	14823	14894
219	14099	16407	14922	14988
220	14194	16492	15019	15082
221	14258	16622	15114	15177
222	14365	16716	15208	15270
223	14443	16809	15302	15363
224	14559	16901	15422	15478
225	14634	17034	15537	15593
226	14755	17126	15664	15719
227	14825	17274	15789	15846
228	14938	17364	15919	15970
229	15003	17504	16048	16095
230	15140	17581	16180	16222
231	15220	17717	16310	16348
232	15346	17822	16440	16475
233	15428	17948	16571	16601
234	15559	18047	16700	16726
235	15663	18165	16827	16851
236	15794	18251	16961	16976
237	15884	18384	17089	17102
238	16033	18471	17218	17229
239	16122	18594	17356	17356
240	16277	18682	17481	17483
241	16383	18809	17608	17610
242	16539	18891	17741	17739
243	16639	19002	17883	17868
244	16802	19086	18012	17994
245	16903	19204	18140	18120
246	17080	19277	18271	18248
247	17213	19393	18402	18377
248	17388	19465	18534	18505
249	17498	19572	18666	18634
250	17674	19631	18795	18762
251	17798	19732	18927	18889
252	17996	19807	19047	19017
253	18130	19905	19168	19145
254	18272	19959	19250	19234
255	18375	20038	19345	19324
256	18494	20070	19411	19392
257	18592	20120	19482	19461
258	18706	20160	19545	19525
259	18796	20204	19610	19589
260	18926	20239	19671	19653
261	19021	20291	19737	19716
262	19164	20332	19793	19780
263	19254	20385	19854	19844
264	19401	20414	19905	19907
265	19496	20456	19965	19970
266	19630	20490	20020	20034
